B0
00
00
00
00
00
00
00
00
00
00
00
00
00
00
00
00
00
00
00
00
00
00
00
00
00
00
00
00
00
00
B0
B0
00
00
00
00
00
00
00
00
00
00
B0
B0
B0
B0
B0
00
00
00
00
00
00
00
00
00
00
00
00
00
00
00
B0
B0
00
00
00
00
00
00
00
00
00
D1
B0
B0
B0
B0
B0
00
00
00
00
00
00
00
00
00
00
00
00
00
00
00
B0
B0
00
00
00
00
00
00
00
00
00
00
BK
BK
BK
E0
B0
00
00
00
00
00
00
00
00
00
00
00
00
00
00
00
B0
T1
00
00
00
00
B0
00
00
00
00
B0
B0
B0
B0
B0
B0
00
00
00
00
00
00
00
00
00
00
00
00
00
00
00
B0
T1
IK
00
00
00
00
00
00
00
00
00
T0
00
00
00
B0
00
00
00
00
00
00
00
00
00
00
00
00
00
00
00
00
B0
B0
00
00
00
00
00
00
00
00
00
T0
00
IK
00
B0
00
00
00
00
00
00
00
00
00
00
00
00
D1
00
00
00
B0
00
00
00
00
00
00
00
00
00
00
T0
00
00
00
B0
00
00
00
00
00
00
00
00
00
00
00
00
00
00
00
B0
00
00
00
00
00
00
00
00
00
00
00
B0
B0
B0
B0
B0
00
00
00
00
00
00
00
00
00
B0
B0
B0
B0
00
00
D0
00
00
00
00
00
00
00
00
00
00
00
00
00
00
00
00
00
00
00
00
00
00
00
00
00
B0
D0
D0
T1
00
00
D0
00
00
00
00
00
00
00
00
B0
00
00
00
00
00
00
00
00
00
00
00
00
00
00
00
00
B0
IK
00
T1
00
00
D0
B0
00
00
00
00
00
00
00
00
00
00
00
00
00
00
D1
00
00
00
00
00
00
00
00
00
B0
B0
B0
B0
B0
B0
B0
B0
00
00
00
00
00
00
00
00
00
00
00
00
00
00
00
00
00
00
00
00
00
00
00
00
B0
00
00
00
00
00
B0
B0
00
00
D1
00
B0
00
00
00
00
00
00
00
00
00
00
00
00
00
00
00
00
00
00
00
B0
B0
B0
T0
T0
T0
B0
B0
00
00
00
00
00
00
00
00
00
00
00
00
00
00
00
00
00
00
00
00
00
00
00
00
00
00
00
00
00
D1
B0
X0
00
00
00
00
00
00
00
00
00
00
00
00
S0
00
00
00
00
00
00
00
00
00
00
00
P0
00
00
00
00
00
00
B0
B0
B0
B0
B0
B0
B0
B0
B0
B0
B0
B0
B0
B0
B0
B0
B0
B0
B0
B0
B0
B0
B0
B0
B0
B0
B0
B0
B0
B0
B0
B0
B0
B0
B0
B0
B0
B0
B0
B0
B0
B0
B0
B0
B0
B0
B0
B0
B0
B0
B0
B0
B0
B0
B0
B0
B0
B0
B0
B0
B0
B0
B0
B0